image: map_propre12.png
resolution: 0.010000
origin: [0.0, 0.0, 0.000000]
negate: 0
occupied_thresh: 0.25
free_thresh: 0.196

